1733050325054 170.72387206554413 0
1733050377530 73.72498321533203 1
1733050429901 71.36555886268616 2
1733050479436 71.63860726356506 3
1733050531626 70.81601476669312 4
1733050584366 68.37472128868103 5
1733050637001 46.089866161346436 6
1733050689810 44.79819357395172 7
1733050742585 43.061160147190094 8
1733050792777 47.782734751701355 9
1733050845522 42.09778827428818 10
1733050898535 39.36346876621246 11
1733050951726 37.860455334186554 12
1733051004811 31.21314537525177 13
1733051057776 28.72867262363434 14
1733051111298 24.26896294951439 15
1733051161604 25.02113488316536 16
1733051214507 21.883273124694824 17
1733051267830 19.848548144102097 18
1733051320986 18.3585534542799 19
1733051373737 16.30127191543579 20
1733051426775 16.271447956562042 21
1733051479602 14.922579415142536 22
1733051532773 14.873608708381653 23
1733051585848 14.284836515784264 24
1733051639280 13.889159314334393 25
1733051692423 12.636020809412003 26
1733051742645 13.273560985922813 27
1733051795787 11.372012108564377 28
1733051846193 12.495106108486652 29
