1733050325055 0.17028246819972992 0
1733050377531 0.18195000290870667 1
1733050429902 0.20798984169960022 2
1733050479437 0.20764271914958954 3
1733050531627 0.21769891679286957 4
1733050584367 0.25151926279067993 5
1733050637001 0.39798617362976074 6
1733050689811 0.40991491079330444 7
1733050742585 0.4277130365371704 8
1733050792778 0.4109858274459839 9
1733050845523 0.4462940990924835 10
1733050898536 0.48960983753204346 11
1733050951727 0.5256903767585754 12
1733051004811 0.6113137006759644 13
1733051057777 0.648329496383667 14
1733051111299 0.7036577463150024 15
1733051161604 0.6967790722846985 16
1733051214508 0.7307153940200806 17
1733051267830 0.7691136598587036 18
1733051320987 0.797654390335083 19
1733051373738 0.8246641159057617 20
1733051426776 0.8217241764068604 21
1733051479603 0.8459218144416809 22
1733051532774 0.8544113039970398 23
1733051585849 0.8580418229103088 24
1733051639281 0.8547030687332153 25
1733051692424 0.871190071105957 26
1733051742646 0.8553597927093506 27
1733051795788 0.8864011764526367 28
1733051846194 0.8712851405143738 29
