1731294824977 0.25424570916885775 0
1731294935177 0.07925714517988702 1
1731295044881 0.052968797370986254 2
1731295154339 0.04327426275430589 3
1731295263899 0.040082335310448275 4
1731295374125 0.03566853149043703 5
1731295481166 0.04575639966296288 6
1731295591469 0.031212857297357677 7
1731295701184 0.032031007363381686 8
1731295810646 0.01849940815349352 9
1731295917615 0.011686336068259244 10
1731296025026 0.021078053083035557 11
1731296132133 0.015022050309748172 12
1731296239161 0.013025758731066888 13
