1733055193496 18.672727286815643 0
1733055203558 9.665636837482452 1
1733055213532 7.58621422201395 2
1733055223513 5.679346989840269 3
1733055233712 4.451895102858543 4
1733055243885 3.876371804624796 5
1733055254084 3.518172737210989 6
1733055264265 3.0442679077386856 7
1733055272408 3.0634015910327435 8
1733055280529 3.5647055357694626 9
1733055288703 3.0600001933053136 10
1733055298858 2.849818281829357 11
1733055307105 3.294130072928965 12
1733055315292 3.6407025093212724 13
1733055323496 3.117058517411351 14
1733055331663 3.135801510885358 15
