1733055193497 0.7208034992218018 0
1733055203559 0.855656623840332 1
1733055213533 0.8948094248771667 2
1733055223513 0.9234163761138916 3
1733055233713 0.9432824850082397 4
1733055243886 0.9516574740409851 5
1733055254084 0.9571253657341003 6
1733055264265 0.9638599157333374 7
1733055272409 0.9614245891571045 8
1733055280529 0.955750048160553 9
1733055288704 0.9614402055740356 10
1733055298859 0.9663267135620117 11
1733055307106 0.9614032506942749 12
1733055315293 0.9586963057518005 13
1733055323497 0.9599551558494568 14
1733055331664 0.9630697965621948 15
