1733065550163 24.19375416636467 0
1733065622146 11.023110538721085 1
1733065694268 7.888244479894638 2
1733065766473 5.940703958272934 3
1733065838677 4.950239960104227 4
1733065910790 4.424901552498341 5
1733065982891 3.9253361485898495 6
1733066054923 3.532917834818363 7
1733066126985 3.415661698207259 8
1733066199020 3.383253403007984 9
1733066271098 3.7944010831415653 10
1733066343154 3.7477601878345013 11
1733066415292 3.1069444734603167 12
1733066487475 2.7780871279537678 13
1733066559585 2.1498456057161093 14
1733066631601 1.6706078089773655 15
1733066703669 1.9229655396193266 16
1733066775808 1.9443690907210112 17
1733066847874 1.6990502644330263 18
1733066919945 1.519981305114925 19
1733066992007 1.1913885148242116 20
1733067063959 1.0662376834079623 21
1733067136095 1.2069193148054183 22
1733067208091 1.341923271305859 23
1733067280156 1.2159410514868796 24
1733067352152 1.185286208987236 25
1733067424251 0.9808894679881632 26
1733067496262 0.7881945441477001 27
1733067568253 0.5899242490995675 28
1733067640240 0.6224439556244761 29
1733067712308 0.8827177232597023 30
1733067784406 0.9286206921096891 31
1733067856496 0.8160076446365565 32
