1733065550163 0.6755481958389282 0
1733065622147 0.8424316048622131 1
1733065694269 0.896317720413208 2
1733065766474 0.9285355806350708 3
1733065838677 0.94191974401474 4
1733065910790 0.9490629434585571 5
1733065982892 0.9552041292190552 6
1733066054924 0.9610435962677002 7
1733066126985 0.963495671749115 8
1733066199021 0.9616230130195618 9
1733066271099 0.9545711278915405 10
1733066343155 0.951640248298645 11
1733066415293 0.9577391743659973 12
1733066487476 0.9637332558631897 13
1733066559586 0.9742820262908936 14
1733066631602 0.9814118146896362 15
1733066703669 0.9770148396492004 16
1733066775808 0.9754012823104858 17
1733066847875 0.980606198310852 18
1733066919946 0.9821940660476685 19
1733066992008 0.9893008470535278 20
1733067063959 0.9896394610404968 21
1733067136096 0.9855648279190063 22
1733067208092 0.9833685159683228 23
1733067280157 0.9863525032997131 24
1733067352153 0.9867250919342041 25
1733067424252 0.9893688559532166 26
1733067496263 0.9923273921012878 27
1733067568254 0.9952348470687866 28
1733067640241 0.9944556355476379 29
1733067712309 0.9903539419174194 30
1733067784407 0.9884060621261597 31
1733067856497 0.992468535900116 32
