1733078419252 0.6991885900497437 0
1733078423365 0.8415802717208862 1
1733078427469 0.863359808921814 2
1733078431586 0.8837285041809082 3
1733078435715 0.9123620390892029 4
1733078439813 0.9141232371330261 5
1733078443936 0.9104889035224915 6
1733078448041 0.9235634803771973 7
1733078452155 0.9263906478881836 8
1733078456285 0.9304870367050171 9
1733078460394 0.9320616126060486 10
1733078464514 0.9220972061157227 11
1733078468626 0.9294416308403015 12
1733078472716 0.9273594617843628 13
1733078476852 0.9271721243858337 14
1733078480953 0.9234756231307983 15
1733078485046 0.9026802778244019 16
1733078489180 0.9194241762161255 17
1733078493269 0.907289981842041 18
