1733078419251 18.66723097860813 0
1733078423364 10.6065259501338 1
1733078427468 8.949251383543015 2
1733078431586 8.073060534894466 3
1733078435714 6.637853421270847 4
1733078439812 6.169754017144442 5
1733078443935 6.4810848869383335 6
1733078448040 5.805436208844185 7
1733078452154 5.558604098856449 8
1733078456285 5.214549895375967 9
1733078460394 5.202723471447825 10
1733078464514 5.48410139977932 11
1733078468625 5.155282601714134 12
1733078472715 5.15876829624176 13
1733078476852 5.129495084285736 14
1733078480953 5.789904817938805 15
1733078485045 7.14373803883791 16
1733078489179 6.0617316365242 17
1733078493269 6.61523861810565 18
