1731296805574 0.5591022968292236 0
1731296887739 0.6918531656265259 1
1731296975174 0.736798107624054 2
1731297057911 0.7613733410835266 3
1731297138369 0.7833449840545654 4
1731297218985 0.7982121109962463 5
1731297299787 0.8144526481628418 6
1731297380126 0.8226454257965088 7
1731297460957 0.8359582424163818 8
1731297543783 0.845077633857727 9
1731297624478 0.8516589403152466 10
1731297704371 0.8572428226470947 11
1731297785410 0.8640851974487305 12
1731297866477 0.8714044094085693 13
1731297945222 0.8787177801132202 14
1731298026302 0.8881025910377502 15
1731298105952 0.8861388564109802 16
1731298185421 0.8900450468063354 17
1731298264180 0.8959206342697144 18
1731298342873 0.9003231525421143 19
