1731296805573 1.304389664380954 0
1731296887738 0.9127015623623732 1
1731296975173 0.7751666082995673 2
1731297057910 0.6889807708886644 3
1731297138368 0.6255051005094573 4
1731297218984 0.5796035672932193 5
1731297299786 0.5409225779142053 6
1731297380125 0.509363504932336 7
1731297460956 0.47910106510278727 8
1731297543783 0.4530608700194135 9
1731297624477 0.434945286956256 10
1731297704371 0.41302570666521593 11
1731297785409 0.39355260480525434 12
1731297866477 0.3766009847266432 13
1731297945221 0.356566172120255 14
1731298026301 0.34012907637017115 15
1731298105951 0.3296197639998768 16
1731298185420 0.3206853506142377 17
1731298264180 0.3003763347653495 18
1731298342873 0.29754891238673026 19
