1731935287974 9.972883382072954e-05 0
1731935458722 9.891830623632339e-05 1
1731935628899 9.757729755661011e-05 2
1731935799780 9.572050015330873e-05 3
1731935967815 9.336825748732972e-05 4
1731936136420 9.05463412215599e-05 5
1731936303623 8.728566886113101e-05 6
1731936472012 8.362196501476347e-05 7
1731936641425 7.959536998847741e-05 8
1731936810326 7.524999999999999e-05 9
1731936975827 7.06334638322521e-05 10
1731937143818 6.579634122155988e-05 11
1731937311488 6.079162869547907e-05 12
1731937470148 5.567415893174884e-05 13
1731937633694 5.05e-05 14
1731937796103 4.532584106825115e-05 15
1731937958743 4.0208371304520894e-05 16
1731938121798 3.520365877844009e-05 17
1731938283624 3.036653616774789e-05 18
1731938442304 2.5750000000000002e-05 19
1731938606747 2.140463001152258e-05 20
1731938771159 1.737803498523653e-05 21
1731938933027 1.3714331138868993e-05 22
1731939094316 1.0453658778440105e-05 23
1731939255049 7.631742512670283e-06 24
1731939418921 5.2794998466912506e-06 25
1731939587086 3.4227024433898994e-06 26
1731939752704 2.0816937636766182e-06 27
1731939911306 1.2711661792704665e-06 28
1731940068819 1e-06 29
