1731935287973 0.7179623246192932 0
1731935458722 0.893818736076355 1
1731935628899 0.9372664093971252 2
1731935799779 0.9530362486839294 3
1731935967814 0.9636388421058655 4
1731936136420 0.9693661332130432 5
1731936303622 0.9757770299911499 6
1731936472011 0.9815744161605835 7
1731936641425 0.9826256036758423 8
1731936810326 0.9871473908424377 9
1731936975827 0.9808726906776428 10
1731937143818 0.9875094890594482 11
1731937311487 0.9905476570129395 12
1731937470148 0.9915989637374878 13
1731937633693 0.9918083548545837 14
1731937796103 0.9920842051506042 15
1731937958743 0.9910888671875 16
1731938121798 0.9916870594024658 17
1731938283624 0.9926192164421082 18
1731938442304 0.9933635592460632 19
1731938606746 0.9935014843940735 20
1731938771159 0.995232880115509 21
1731938933026 0.9959939122200012 22
1731939094315 0.9961234927177429 23
1731939255048 0.9968928098678589 24
1731939418920 0.9982603788375854 25
1731939587085 0.997637152671814 26
1731939752703 0.9976538419723511 27
1731939911306 0.9986408352851868 28
1731940068818 0.9983899593353271 29
