1731935287973 0.9091165118008596 0
1731935458721 0.2899498943770697 1
1731935628898 0.1663613613781792 2
1731935799779 0.13008623108213302 3
1731935967813 0.0978942864765255 4
1731936136419 0.08524597866920497 5
1731936303622 0.06326914451499747 6
1731936472010 0.05053157946887725 7
1731936641424 0.04828841128094888 8
1731936810325 0.036869772767571106 9
1731936975826 0.0535247748926749 10
1731937143817 0.034463118225789284 11
1731937311487 0.026284161173309183 12
1731937470147 0.02459303623266661 13
1731937633692 0.02433563238766291 14
1731937796102 0.02458734277403283 15
1731937958741 0.02521151436890564 16
1731938121797 0.023124196840232744 17
1731938283623 0.022560968463751673 18
1731938442303 0.01984962952504336 19
1731938606745 0.01764657047219169 20
1731938771158 0.015969312367042684 21
1731938933025 0.012009805874103802 22
1731939094315 0.011559444334481384 23
1731939255047 0.009739416809729373 24
1731939418919 0.007883564066940128 25
1731939587084 0.007580745706164775 26
1731939752703 0.00753223834170935 27
1731939911305 0.006548247649013271 28
1731940068817 0.0059612542243171335 29
