1733079389522 0.4971427619457245 0
1733079427104 0.7408864498138428 1
1733079464660 0.8011279106140137 2
1733079502151 0.8375770449638367 3
1733079539684 0.8567352294921875 4
1733079577224 0.8717577457427979 5
1733079614676 0.8810397386550903 6
1733079652127 0.8940508365631104 7
1733079689554 0.9027053117752075 8
1733079727055 0.9040816426277161 9
1733079764558 0.9071630835533142 10
1733079802009 0.9160069227218628 11
1733079839443 0.9149383306503296 12
1733079876927 0.9175867438316345 13
1733079914393 0.9209904670715332 14
1733079951815 0.9192975759506226 15
1733079989300 0.9287852644920349 16
1733080026775 0.926952600479126 17
1733080064186 0.9329428672790527 18
1733080101544 0.9314165115356445 19
1733080138867 0.9341154098510742 20
1733080176288 0.9313254356384277 21
1733080213670 0.9347751140594482 22
1733080251061 0.940178394317627 23
1733080288411 0.93709796667099 24
1733080325782 0.9384680986404419 25
1733080363118 0.9399721622467041 26
1733080400427 0.940292477607727 27
1733080437802 0.9409096240997314 28
1733080475174 0.9447646141052246 29
1733080512515 0.9436858892440796 30
1733080549801 0.9420956373214722 31
1733080587167 0.9463964700698853 32
1733080624461 0.9417094588279724 33
1733080661814 0.9453334212303162 34
1733080699144 0.9447901844978333 35
1733080736454 0.9475457668304443 36
1733080773768 0.9465464353561401 37
1733080811100 0.9467124342918396 38
1733080848421 0.9486038684844971 39
1733080885734 0.9477185010910034 40
1733080923056 0.9487196207046509 41
1733080960371 0.9503799676895142 42
1733080997675 0.9492625594139099 43
1733081035027 0.9508824348449707 44
1733081072381 0.9518165588378906 45
1733081109681 0.9531432390213013 46
1733081147075 0.9517596960067749 47
1733081184430 0.9489823579788208 48
1733081221788 0.950709342956543 49
