1733079389521 70.9364640712738 0
1733079427103 37.917589247226715 1
1733079464659 29.12833446264267 2
1733079502150 25.09937058389187 3
1733079539683 21.9317234903574 4
1733079577223 20.019783228635788 5
1733079614675 18.559169359505177 6
1733079652127 16.80763664841652 7
1733079689553 15.838880725204945 8
1733079727055 15.051997818052769 9
1733079764557 14.578763347119093 10
1733079802009 13.913375362753868 11
1733079839442 13.394053593277931 12
1733079876926 13.107612673193216 13
1733079914392 12.499368660151958 14
1733079951814 12.362781684845686 15
1733079989299 11.739293981343508 16
1733080026774 11.65920334495604 17
1733080064185 11.108915889635682 18
1733080101543 11.045183289796114 19
1733080138866 10.643998347222805 20
1733080176288 10.67270378023386 21
1733080213670 10.42073602695018 22
1733080251060 10.148091688752174 23
1733080288410 10.08527432847768 24
1733080325781 9.83841682318598 25
1733080363117 9.80784051772207 26
1733080400426 9.593026828952134 27
1733080437802 9.232993283309042 28
1733080475173 9.042827408760786 29
1733080512514 9.135546903125942 30
1733080549801 9.135478742420673 31
1733080587166 8.78295365255326 32
1733080624461 8.791352181695402 33
1733080661813 8.796547980047762 34
1733080699143 8.620544005185366 35
1733080736453 8.306541129946709 36
1733080773767 8.448125232942402 37
1733080811099 8.491433733142912 38
1733080848421 8.08563743531704 39
1733080885733 8.206054325215518 40
1733080923056 8.01700667385012 41
1733080960370 7.90767593216151 42
1733080997674 7.983670067973435 43
1733081035027 7.859756494406611 44
1733081072380 7.936843818053603 45
1733081109680 7.557636236771941 46
1733081147074 7.961498157121241 47
1733081184429 7.823219727724791 48
1733081221787 7.7977775717154145 49
