1733081634644 0.6696975827217102 0
1733081676112 0.8455597162246704 1
1733081717732 0.896813154220581 2
1733081758945 0.9139696359634399 3
1733081800202 0.9143306016921997 4
1733081841473 0.9333778619766235 5
1733081882841 0.941699743270874 6
1733081924294 0.9544903039932251 7
1733081965772 0.9512046575546265 8
1733082007198 0.9498131275177002 9
1733082048657 0.9513260126113892 10
1733082090121 0.9496495127677917 11
1733082131639 0.9588515162467957 12
1733082173121 0.9578509330749512 13
1733082214611 0.9621269106864929 14
1733082256070 0.9549853205680847 15
1733082297475 0.9609348177909851 16
1733082338992 0.9708251357078552 17
1733082380396 0.9619348049163818 18
1733082421835 0.9692746996879578 19
1733082463259 0.9656368494033813 20
1733082504699 0.9685598611831665 21
1733082546145 0.9698083400726318 22
1733082587584 0.9645084142684937 23
1733082628989 0.9718440771102905 24
1733082670405 0.9715994000434875 25
1733082711832 0.9762654304504395 26
1733082753261 0.9889097213745117 27
1733082794668 0.9860939979553223 28
1733082836083 0.987677812576294 29
1733082877450 0.9874124526977539 30
1733082918885 0.9925587773323059 31
1733082960240 0.9930312633514404 32
1733083001618 0.9885811805725098 33
1733083043043 0.9905137419700623 34
1733083084442 0.9908863306045532 35
1733083125894 0.9958812594413757 36
1733083167298 0.993843138217926 37
1733083208718 0.9941171407699585 38
1733083250086 0.9961296319961548 39
1733083291477 0.9955989122390747 40
1733083332891 0.9956158995628357 41
1733083374292 0.9957571029663086 42
1733083415638 0.9942072629928589 43
1733083457056 0.9930640459060669 44
1733083498437 0.9968271255493164 45
