1733081634644 22.63926589488983 0
1733081676112 10.336511954665184 1
1733081717732 7.4537936225533485 2
1733081758944 6.682171627879143 3
1733081800202 6.278095982968807 4
1733081841472 5.307573117315769 5
1733081882840 4.6183831468224525 6
1733081924294 3.8358326219022274 7
1733081965771 4.000573441386223 8
1733082007197 3.963399648666382 9
1733082048656 3.618951043114066 10
1733082090120 3.942269839346409 11
1733082131638 3.3096902817487717 12
1733082173120 3.170370896346867 13
1733082214610 3.0464012380689383 14
1733082256069 3.4262820556759834 15
1733082297474 2.783648910932243 16
1733082338991 2.490899962373078 17
1733082380395 2.9762440589256585 18
1733082421834 2.5474820812232792 19
1733082463259 2.8384363919030875 20
1733082504698 2.4087105286307633 21
1733082546144 2.498826899100095 22
1733082587583 2.7331116693094373 23
1733082628988 2.119223168119788 24
1733082670404 2.0358817144297063 25
1733082711831 1.8166440171189606 26
1733082753260 1.051307541783899 27
1733082794667 1.1729873763397336 28
1733082836083 1.1579267759807408 29
1733082877449 1.0459331977181137 30
1733082918885 0.7908509827684611 31
1733082960239 0.6655476912856102 32
1733083001617 0.8867893406422809 33
1733083043042 0.8770928611047566 34
1733083084442 0.7629089946858585 35
1733083125893 0.5212135039037094 36
1733083167297 0.6064441935159266 37
1733083208717 0.5425153054529801 38
1733083250085 0.4291752229910344 39
1733083291476 0.3993450764683075 40
1733083332890 0.35255291301291436 41
1733083374292 0.43851233134046197 42
1733083415637 0.6054460065206513 43
1733083457056 0.5850380298797973 44
1733083498436 0.40298095461912453 45
