1733048779926 32.8676275908947 0
1733048817974 18.047013521194458 1
1733048856435 14.169594511389732 2
1733048895552 13.77122662961483 3
1733048934661 13.224913336336613 4
1733048973581 12.200485557317734 5
1733049012413 11.337627805769444 6
1733049050749 10.856593415141106 7
1733049089383 10.779375463724136 8
1733049127990 10.120349206030369 9
1733049166466 9.414201341569424 10
1733049202496 9.70625127106905 11
1733049238629 9.470221810042858 12
1733049277250 9.203066572546959 13
1733049316108 8.918038316071033 14
1733049354989 8.711255572736263 15
1733049393228 8.643934056162834 16
1733049431730 8.477119080722332 17
1733049470373 7.864844433963299 18
1733049506423 8.127671137452126 19
1733049542563 8.085066623985767 20
1733049581413 7.704014308750629 21
1733049617447 7.830984458327293 22
1733049655904 7.622728087007999 23
1733049694758 7.540863141417503 24
1733049730802 7.600128397345543 25
1733049766858 7.57368840277195 26
1733049805262 7.197467185556889 27
1733049841295 7.243844602257013 28
1733049879784 7.072010651230812 29
