1733048779926 0.6361322999000549 0
1733048817975 0.7921503782272339 1
1733048856435 0.8478761911392212 2
1733048895552 0.8498250246047974 3
1733048934662 0.8504126071929932 4
1733048973582 0.8665014505386353 5
1733049012413 0.8795803785324097 6
1733049050750 0.8864514827728271 7
1733049089384 0.8913314938545227 8
1733049127990 0.8982324004173279 9
1733049166467 0.9034621119499207 10
1733049202497 0.9030848145484924 11
1733049238630 0.9053019285202026 12
1733049277250 0.9060891270637512 13
1733049316109 0.9063948392868042 14
1733049354989 0.9162479639053345 15
1733049393228 0.9141767024993896 16
1733049431731 0.9170852303504944 17
1733049470373 0.9215503931045532 18
1733049506424 0.917844295501709 19
1733049542564 0.9167987108230591 20
1733049581413 0.9229822158813477 21
1733049617448 0.9206817150115967 22
1733049655905 0.9250203967094421 23
1733049694759 0.9243664741516113 24
1733049730802 0.9248020052909851 25
1733049766859 0.9234364032745361 26
1733049805263 0.9285005331039429 27
1733049841295 0.9264189004898071 28
1733049879785 0.9298877716064453 29
