1733093609964 0.72948157787323 0
1733093792524 0.8478115797042847 1
1733093975160 0.9057514071464539 2
1733094158141 0.9098891019821167 3
1733094341418 0.9282797574996948 4
1733094524126 0.9380154609680176 5
1733094706765 0.9314578175544739 6
1733094889498 0.9426935315132141 7
1733095072392 0.9715355038642883 8
1733095255275 0.9740716218948364 9
1733095438216 0.9758533835411072 10
1733095621173 0.9786550998687744 11
1733095804171 0.9811333417892456 12
1733095987192 0.9818013310432434 13
1733096170626 0.9822111129760742 14
1733096354381 0.9781707525253296 15
1733096537771 0.984893798828125 16
1733096721174 0.9838255643844604 17
1733096904804 0.9804732203483582 18
1733097088147 0.9841792583465576 19
1733097271641 0.9856271743774414 20
1733097455397 0.9862387180328369 21
1733097639075 0.9831264019012451 22
1733097822882 0.9832776784896851 23
1733098006577 0.9877556562423706 24
1733098190455 0.9928451776504517 25
1733098374209 0.9823787808418274 26
1733098558389 0.9862884879112244 27
1733098741077 0.9861041307449341 28
1733098923444 0.9854145646095276 29
