1733093609963 25.64180040359497 0
1733093792523 14.335201226174831 1
1733093975159 8.619766727089882 2
1733094158141 7.939121786504984 3
1733094341417 6.683814875781536 4
1733094524125 6.425759714096785 5
1733094706765 7.724627030082047 6
1733094889498 6.098876714706421 7
1733095072391 3.295133251696825 8
1733095255275 2.926893032155931 9
1733095438215 2.659664289560169 10
1733095621172 2.465852983761579 11
1733095804170 2.3244679206982255 12
1733095987191 2.1911398703232408 13
1733096170625 2.1784289306961 14
1733096354380 2.5346310450695455 15
1733096537770 1.9133728384040296 16
1733096721173 1.921194659313187 17
1733096904803 2.178489104146138 18
1733097088147 1.8701568869873881 19
1733097271641 1.8198994488921016 20
1733097455396 1.701017493614927 21
1733097639075 1.9257615632377565 22
1733097822881 1.9132055257214233 23
1733098006576 1.4188091051764786 24
1733098190454 0.9943602419225499 25
1733098374208 1.932409767410718 26
1733098558388 1.563304352806881 27
1733098741076 1.6337565858848393 28
1733098923443 1.5867294515483081 29
