1731669926649 0.9018203616142273 0
1731670042162 0.971411943435669 1
1731670157515 0.9814829230308533 2
1731670274290 0.9838259220123291 3
1731670385611 0.9864206314086914 4
1731670500331 0.9882959127426147 5
1731670616144 0.9866257309913635 6
1731670731282 0.990118145942688 7
1731670849596 0.9946486353874207 8
1731670960923 0.9932297468185425 9
1731671075685 0.9945374131202698 10
1731671186816 0.9945374131202698 11
1731671298061 0.9917898178100586 12
1731671409084 0.994503378868103 13
1731671520309 0.9936355352401733 14
