1731669926647 0.251642233297723 0
1731670042160 0.07922272583854632 1
1731670157514 0.05504035342375425 2
1731670274288 0.04814089010665621 3
1731670385610 0.04028367876575195 4
1731670500330 0.0379251684789658 5
1731670616142 0.0409626148704689 6
1731670731280 0.02888824104174057 7
1731670849594 0.017340329839001065 8
1731670960922 0.01896908435553911 9
1731671075683 0.016668411734244545 10
1731671186814 0.01606904519578713 11
1731671298059 0.020832975438941803 12
1731671409083 0.014384489986694806 13
1731671520307 0.02011341232079591 14
