1733047862053 0.6451353430747986 0
1733047873992 0.8169558048248291 1
1733047885980 0.823383092880249 2
1733047897795 0.9010947942733765 3
1733047909780 0.9168329834938049 4
1733047921772 0.9277265071868896 5
1733047933776 0.9442847371101379 6
1733047945756 0.9505460858345032 7
1733047957768 0.9539146423339844 8
1733047967783 0.952877402305603 9
1733047980023 0.9613288044929504 10
1733047991961 0.9631374478340149 11
1733048003773 0.9612810611724854 12
1733048015916 0.9638559818267822 13
1733048027961 0.9675490856170654 14
1733048038172 0.9667822122573853 15
1733048050120 0.9728737473487854 16
1733048060316 0.968260645866394 17
1733048072345 0.9734030961990356 18
1733048084209 0.9726992249488831 19
1733048094259 0.9741364121437073 20
1733048104343 0.9738370776176453 21
1733048116361 0.9764703512191772 22
1733048128380 0.9764185547828674 23
1733048138441 0.9744844436645508 24
1733048148486 0.9762115478515625 25
1733048158561 0.9754166603088379 26
1733048168631 0.973727285861969 27
