1733047862052 39.57683710753918 0
1733047873991 21.348483234643936 1
1733047885979 20.886279333382845 2
1733047897794 8.955037647858262 3
1733047909779 7.84453859180212 4
1733047921772 7.038430590182543 5
1733047933775 5.626218482851982 6
1733047945755 5.102039450779557 7
1733047957767 4.809956189244986 8
1733047967782 4.814504895359278 9
1733047980022 4.2210982870310545 10
1733047991961 4.116088408045471 11
1733048003773 3.999837279319763 12
1733048015916 3.855322428047657 13
1733048027960 3.4859737185761333 14
1733048038171 3.5399822778999805 15
1733048050119 3.2626429721713066 16
1733048060315 3.4113342501223087 17
1733048072344 3.090182889252901 18
1733048084208 2.973898181691766 19
1733048094258 3.0019548255950212 20
1733048104343 3.0157514354214072 21
1733048116360 2.901723246090114 22
1733048128379 2.8138496866449714 23
1733048138440 2.949239463545382 24
1733048148486 2.8708796724677086 25
1733048158560 2.983009180985391 26
1733048168630 3.003375217318535 27
