1733074277110 0.5183671116828918 0
1733074361782 0.7236137390136719 1
1733074446359 0.8004446029663086 2
1733074530821 0.8322144746780396 3
1733074615170 0.8491425514221191 4
1733074699476 0.8650662899017334 5
1733074783700 0.8763532638549805 6
1733074867930 0.8870875835418701 7
1733074952096 0.8915430307388306 8
1733075036215 0.8985410928726196 9
1733075120251 0.9047336578369141 10
1733075204308 0.9120650291442871 11
1733075288371 0.9165302515029907 12
1733075372361 0.9210951924324036 13
1733075456339 0.9223920106887817 14
1733075540329 0.9220211505889893 15
1733075624273 0.9271212220191956 16
1733075708279 0.9277104139328003 17
1733075792315 0.9312412738800049 18
1733075876381 0.9314416646957397 19
1733075960369 0.932765007019043 20
1733076044463 0.9362653493881226 21
1733076128527 0.9378069043159485 22
1733076212618 0.9370074272155762 23
1733076296719 0.9410187005996704 24
1733076380815 0.939363956451416 25
1733076465077 0.9411457777023315 26
1733076549311 0.9428164958953857 27
1733076633469 0.9395054578781128 28
1733076717661 0.943242073059082 29
1733076801881 0.9443063735961914 30
1733076886166 0.9479863047599792 31
1733076970444 0.9452910423278809 32
1733077054671 0.9454407095909119 33
1733077138969 0.9479436874389648 34
1733077223203 0.9479551911354065 35
1733077307440 0.9486656188964844 36
1733077391671 0.9490752220153809 37
1733077475961 0.9515558481216431 38
1733077560309 0.9502344131469727 39
1733077644643 0.9516333937644958 40
1733077728906 0.9491872787475586 41
1733077813056 0.9511430859565735 42
1733077897262 0.9536968469619751 43
1733077981600 0.9523968696594238 44
1733078065902 0.9547638893127441 45
1733078150244 0.9546903371810913 46
1733078234598 0.9565258026123047 47
1733078318991 0.9575222730636597 48
1733078403382 0.9564014673233032 49
