1733074277109 73.65322971343994 0
1733074361781 43.79950287938118 1
1733074446358 33.23917818069458 2
1733074530820 27.90031261742115 3
1733074615169 24.459148406982422 4
1733074699475 21.964260071516037 5
1733074783699 20.271503910422325 6
1733074867929 18.957726426422596 7
1733074952096 17.74535572528839 8
1733075036215 16.672935761511326 9
1733075120251 15.846154242753983 10
1733075204307 15.038665689527988 11
1733075288371 14.319991193711758 12
1733075372360 13.851938858628273 13
1733075456338 13.378922920674086 14
1733075540328 13.06300052255392 15
1733075624273 12.48431295901537 16
1733075708278 12.219060260802507 17
1733075792314 11.744442297145724 18
1733075876380 11.582133740186691 19
1733075960368 11.187152184545994 20
1733076044462 10.951413309201598 21
1733076128527 10.765767088159919 22
1733076212617 10.657048311084509 23
1733076296718 10.40086086280644 24
1733076380814 10.14910963922739 25
1733076465076 9.989486061036587 26
1733076549310 9.86917951516807 27
1733076633469 9.776587076485157 28
1733076717661 9.428593309596181 29
1733076801881 9.377740564756095 30
1733076886165 9.14719139225781 31
1733076970443 9.122319450601935 32
1733077054671 9.078409017063677 33
1733077138968 8.868086707778275 34
1733077223202 8.844242816790938 35
1733077307440 8.704040274955332 36
1733077391670 8.677321398630738 37
1733077475960 8.409806747920811 38
1733077560308 8.308795176446438 39
1733077644642 8.239831107668579 40
1733077728905 8.18177155405283 41
1733077813055 8.06588096730411 42
1733077897261 7.864998355507851 43
1733077981599 7.895927536301315 44
1733078065901 7.761928416788578 45
1733078150244 7.673101416788995 46
1733078234598 7.537049122154713 47
1733078318990 7.389680875465274 48
1733078403381 7.463606130331755 49
