1733088802575 0.7002654075622559 0
1733088984761 0.8284122943878174 1
1733089167281 0.8935280442237854 2
1733089349795 0.9178680181503296 3
1733089532359 0.9398688673973083 4
1733089715142 0.9521762132644653 5
1733089897721 0.9437265396118164 6
1733090081427 0.9526718854904175 7
1733090264324 0.9287559986114502 8
1733090447577 0.9450312852859497 9
1733090632190 0.96596360206604 10
1733090816430 0.9723782539367676 11
1733091001641 0.977455198764801 12
1733091186603 0.9776120781898499 13
1733091371537 0.9799313545227051 14
1733091556346 0.9769911766052246 15
1733091740335 0.9754927158355713 16
1733091925224 0.9787744879722595 17
1733092109877 0.9772242307662964 18
1733092294928 0.9772037267684937 19
1733092479704 0.9816530346870422 20
1733092664317 0.9824120998382568 21
1733092847367 0.9788333177566528 22
1733093030677 0.9809750318527222 23
1733093213838 0.9782642126083374 24
