1733088802574 28.706347808241844 0
1733088984760 16.64583181589842 1
1733089167280 9.280177846550941 2
1733089349795 7.344863520935178 3
1733089532359 5.6843872014433146 4
1733089715142 4.83503726311028 5
1733089897720 5.5829569566994905 6
1733090081426 4.701090216636658 7
1733090264323 8.619253316894174 8
1733090447576 6.158723758533597 9
1733090632189 3.912156518548727 10
1733090816430 3.306714180391282 11
1733091001640 2.6684121773578227 12
1733091186603 2.7141487784683704 13
1733091371537 2.678032254334539 14
1733091556345 2.90675029437989 15
1733091740335 2.9743815262336284 16
1733091925223 2.440493572037667 17
1733092109876 2.6276958570815623 18
1733092294927 2.6452667757403105 19
1733092479703 2.1341191600076854 20
1733092664316 2.1380771703552455 21
1733092847366 2.566811529453844 22
1733093030676 2.432300506392494 23
1733093213837 2.648697779281065 24
