1733061569830 0.1754182130098343 0
1733061587091 0.18329764902591705 1
1733061604190 0.26154881715774536 2
1733061621032 0.2878185510635376 3
1733061638198 0.2882843017578125 4
1733061655003 0.29495903849601746 5
1733061671863 0.3109140694141388 6
1733061688743 0.33716827630996704 7
1733061705603 0.3536701798439026 8
1733061722440 0.3952859938144684 9
1733061739287 0.42408087849617004 10
1733061753965 0.3951314389705658 11
1733061770791 0.49982959032058716 12
1733061787567 0.5649698972702026 13
1733061802241 0.5130070447921753 14
1733061819157 0.5509123206138611 15
1733061833871 0.5477297306060791 16
1733061850889 0.6597697138786316 17
1733061867720 0.7279729247093201 18
1733061884512 0.7484946846961975 19
1733061899242 0.7272307872772217 20
1733061916111 0.787257194519043 21
1733061930804 0.7705897092819214 22
1733061947654 0.8083584308624268 23
1733061962308 0.8031485080718994 24
1733061979187 0.8479204773902893 25
1733061993837 0.8457316160202026 26
1733062008446 0.8481031656265259 27
1733062023059 0.7745292782783508 28
1733062037671 0.715924859046936 29
