1733061569829 1029.958877325058 0
1733061587090 102.80418622493744 1
1733061604190 79.23426580429077 2
1733061621031 72.9120272397995 3
1733061638197 68.41305315494537 4
1733061655002 66.68848502635956 5
1733061671862 60.75330674648285 6
1733061688742 53.537497878074646 7
1733061705602 53.07108116149902 8
1733061722440 47.856409668922424 9
1733061739286 44.95141553878784 10
1733061753964 50.47874182462692 11
1733061770790 41.69149988889694 12
1733061787566 38.19434082508087 13
1733061802240 48.071792781353 14
1733061819157 37.89798176288605 15
1733061833870 46.75230586528778 16
1733061850888 29.362004667520523 17
1733061867719 25.418574929237366 18
1733061884512 23.848148554563522 19
1733061899241 28.44400419294834 20
1733061916110 20.038296401500702 21
1733061930804 21.819922506809235 22
1733061947653 18.47828559577465 23
1733061962308 19.03520730137825 24
1733061979186 14.447423189878464 25
1733061993836 14.732953876256943 26
1733062008445 14.575438648462296 27
1733062023058 33.44123861193657 28
1733062037670 31.106688529253006 29
