1732464952928 9.997557473810373e-05 0
1732465104243 9.990232305719946e-05 1
1732465258905 9.978031724785248e-05 2
1732465407514 9.960967771506668e-05 3
1732465555792 9.939057285945934e-05 4
1732465699266 9.912321891107012e-05 5
1732465840043 9.880787971596802e-05 6
1732465986781 9.844486647586726e-05 7
1732466133557 9.80345374410087e-05 8
1732466282749 9.757729755661012e-05 9
1732466426440 9.707359806323419e-05 10
1732466568418 9.652393605146847e-05 11
1732466711737 9.592885397135708e-05 12
1732466851207 9.5288939097068e-05 13
1732466991288 9.460482294732424e-05 14
1732467131392 9.387718066217127e-05 15
1732467271575 9.310673033669524e-05 16
