1732464952925 0.6837783455848694 0
1732465104241 0.8859728574752808 1
1732465258903 0.9306768178939819 2
1732465407511 0.9482322931289673 3
1732465555790 0.9631000757217407 4
1732465699263 0.9636034965515137 5
1732465840041 0.9511329531669617 6
1732465986779 0.9772146940231323 7
1732466133555 0.9838719367980957 8
1732466282747 0.9839901924133301 9
1732466426438 0.9846950769424438 10
1732466568417 0.981844961643219 11
1732466711735 0.9893494248390198 12
1732466851205 0.9843633770942688 13
1732466991285 0.9828172922134399 14
1732467131390 0.986681342124939 15
1732467271573 0.9877673387527466 16
