1732464952922 49.74242276589356 0
1732465104239 15.632466983838185 1
1732465258901 9.466461805319318 2
1732465407507 7.369171060209014 3
1732465555788 5.264362111164838 4
1732465699259 5.113241011966145 5
1732465840039 7.463101667759021 6
1732465986776 3.074349779249999 7
1732466133553 2.364704845127261 8
1732466282745 2.2341475900451737 9
1732466426436 2.2491190839714315 10
1732466568414 2.8644412151092467 11
1732466711733 1.5504979411025757 12
1732466851203 2.107800354409475 13
1732466991283 3.052167675978591 14
1732467131388 1.8095306589888973 15
1732467271571 1.9919748040399976 16
