1733051941233 0.1793932020664215 0
1733052030711 0.2521709203720093 1
1733052120860 0.2464824616909027 2
1733052210729 0.24477854371070862 3
1733052304093 0.27605658769607544 4
1733052399167 0.32885101437568665 5
1733052491407 0.36063051223754883 6
1733052589893 0.34070542454719543 7
1733052685298 0.4046134948730469 8
1733052779820 0.41620662808418274 9
1733052880467 0.36729007959365845 10
1733052980950 0.4093945026397705 11
1733053077228 0.46903935074806213 12
1733053173483 0.5019274950027466 13
1733053269725 0.5030750036239624 14
1733053366194 0.5095391273498535 15
1733053463100 0.5221751928329468 16
1733053559365 0.555574893951416 17
1733053655779 0.5622247457504272 18
1733053751976 0.6006438732147217 19
1733053848379 0.6224374175071716 20
1733053944739 0.638399600982666 21
1733054042318 0.6684090495109558 22
1733054146130 0.7066413164138794 23
1733054246186 0.6774903535842896 24
1733054349460 0.7316464185714722 25
1733054452993 0.7589419484138489 26
1733054556622 0.7661576867103577 27
1733054652303 0.7729870676994324 28
1733054744969 0.757698655128479 29
