1733051941232 266.6956516504288 0
1733052030710 106.10337972640991 1
1733052120859 102.43165302276611 2
1733052210728 100.93300366401672 3
1733052304092 91.66070032119751 4
1733052399167 79.41121661663055 5
1733052491406 80.15571683645248 6
1733052589893 73.21836775541306 7
1733052685297 66.11976397037506 8
1733052779819 63.606536984443665 9
1733052880466 69.03868836164474 10
1733052980949 65.11923438310623 11
1733053077228 61.38424772024155 12
1733053173482 59.192063093185425 13
1733053269724 58.711956441402435 14
1733053366194 57.24498611688614 15
1733053463099 56.374066174030304 16
1733053559364 54.955945551395416 17
1733053655778 52.98152232170105 18
1733053751975 49.95884269475937 19
1733053848378 49.613738030195236 20
1733053944738 46.97407382726669 21
1733054042317 43.27204546332359 22
1733054146129 39.422834903001785 23
1733054246185 43.95893266797066 24
1733054349460 35.274050652980804 25
1733054452992 32.840683817863464 26
1733054556621 31.883286744356155 27
1733054652303 29.816002666950226 28
1733054744969 32.0318548977375 29
