1733056392690 0.16004469990730286 0
1733056432778 0.17786872386932373 1
1733056473206 0.15233102440834045 2
1733056514597 0.16101062297821045 3
1733056552909 0.1584012806415558 4
1733056590433 0.15481381118297577 5
1733056627907 0.16147419810295105 6
1733056668061 0.16176417469978333 7
1733056708549 0.15659254789352417 8
1733056748792 0.1566661298274994 9
1733056789150 0.1651555299758911 10
1733056829893 0.1726333647966385 11
1733056870304 0.17274338006973267 12
1733056911500 0.1804071068763733 13
1733056954350 0.24467885494232178 14
1733056996036 0.16467784345149994 15
1733057037192 0.16365322470664978 16
1733057079115 0.2161937654018402 17
1733057125264 0.2949986457824707 18
1733057171991 0.30809032917022705 19
1733057218855 0.309897243976593 20
1733057266069 0.33657559752464294 21
1733057313285 0.3765457570552826 22
1733057360810 0.48191511631011963 23
1733057405005 0.4301115870475769 24
1733057452349 0.5408096313476562 25
1733057496576 0.5253130197525024 26
1733057544086 0.5450137257575989 27
1733057591446 0.5531355142593384 28
1733057637931 0.6038488149642944 29
