1733056392689 328.4694941043854 0
1733056432777 80.82357811927795 1
1733056473205 55.20039093494415 2
1733056514596 53.08744668960571 3
1733056552908 53.868502736091614 4
1733056590433 54.273051142692566 5
1733056627906 53.53453552722931 6
1733056668060 53.06799864768982 7
1733056708548 52.848825097084045 8
1733056748791 52.55713403224945 9
1733056789149 52.166752576828 10
1733056829892 51.54958379268646 11
1733056870303 51.520607709884644 12
1733056911500 51.36621820926666 13
1733056954350 47.150856018066406 14
1733056996035 53.212504863739014 15
1733057037191 50.87759721279144 16
1733057079114 47.889628529548645 17
1733057125263 39.972532749176025 18
1733057171991 35.717198729515076 19
1733057218855 33.70526993274689 20
1733057266069 32.58409106731415 21
1733057313284 32.09897756576538 22
1733057360810 30.11526507139206 23
1733057405005 31.514859676361084 24
1733057452349 28.151541352272034 25
1733057496576 28.258533716201782 26
1733057544085 27.972778975963593 27
1733057591445 27.379221439361572 28
1733057637931 25.177667796611786 29
