1733078516107 25.588339418172836 0
1733078533209 13.220498621463776 1
1733078550279 11.021348267793655 2
1733078567395 10.13948905467987 3
1733078584606 9.514961645007133 4
1733078601848 8.786463387310505 5
1733078618957 8.046764262020588 6
1733078636114 7.376609846949577 7
1733078653312 6.965188004076481 8
1733078670540 6.767510339617729 9
1733078687754 6.2592287585139275 10
1733078704835 6.077805332839489 11
1733078721939 5.864513039588928 12
1733078739027 5.659094680100679 13
1733078756004 5.632577884942293 14
1733078773023 5.475317191332579 15
1733078789960 5.169676627963781 16
1733078806937 5.16507064178586 17
1733078823787 4.984254326671362 18
1733078840595 4.980557166039944 19
1733078857464 4.716066233813763 20
1733078874367 4.778113178908825 21
1733078891172 4.60305031388998 22
1733078907957 4.613722145557404 23
1733078924722 4.454683847725391 24
1733078941707 4.501174423843622 25
1733078958620 4.472738344222307 26
1733078975473 4.2303015142679214 27
1733078992455 4.129701908677816 28
1733079009466 4.0168936885893345 29
1733079026450 4.0604960154742 30
1733079043446 3.978146605193615 31
1733079060522 3.9018176086246967 32
1733079077574 3.929394790902734 33
1733079094590 3.9856197461485863 34
1733079111529 3.790982622653246 35
1733079128464 3.8804404102265835 36
1733079145384 3.661558873951435 37
1733079162316 3.583742395043373 38
1733079179264 3.4345209151506424 39
1733079196183 3.337716093286872 40
1733079213077 3.2647259403020144 41
1733079229977 3.28677249327302 42
1733079246906 3.16887523047626 43
1733079263858 3.2930250838398933 44
1733079280804 3.213311655446887 45
1733079297732 3.1355517506599426 46
1733079314721 3.1211038772016764 47
1733079331729 3.133906716480851 48
1733079348756 3.0446122363209724 49
