1733078516108 0.6682428121566772 0
1733078533210 0.8083603978157043 1
1733078550280 0.8424159288406372 2
1733078567396 0.8564851880073547 3
1733078584607 0.8633360862731934 4
1733078601848 0.8773661255836487 5
1733078618958 0.8894874453544617 6
1733078636115 0.8988770842552185 7
1733078653312 0.9052523970603943 8
1733078670541 0.9019230604171753 9
1733078687754 0.9201071858406067 10
1733078704835 0.9185478091239929 11
1733078721940 0.9224618673324585 12
1733078739028 0.9266893267631531 13
1733078756004 0.923728346824646 14
1733078773023 0.9270792007446289 15
1733078789961 0.9303035736083984 16
1733078806937 0.9288667440414429 17
1733078823787 0.9319341778755188 18
1733078840596 0.9325659275054932 19
1733078857465 0.9374172687530518 20
1733078874367 0.9370768070220947 21
1733078891172 0.9403074383735657 22
1733078907958 0.9399406909942627 23
1733078924723 0.9425481557846069 24
1733078941708 0.9387378096580505 25
1733078958621 0.9394620060920715 26
1733078975473 0.9457131624221802 27
1733078992456 0.9458218812942505 28
1733079009467 0.9490516185760498 29
1733079026451 0.9484837651252747 30
1733079043447 0.9499803781509399 31
1733079060523 0.9494325518608093 32
1733079077575 0.9495765566825867 33
1733079094591 0.9477282762527466 34
1733079111530 0.9504216313362122 35
1733079128465 0.9472061395645142 36
1733079145384 0.951912522315979 37
1733079162317 0.9540716409683228 38
1733079179265 0.954988956451416 39
1733079196184 0.9577715396881104 40
1733079213078 0.9583168625831604 41
1733079229978 0.9605042934417725 42
1733079246907 0.9595948457717896 43
1733079263859 0.9589138031005859 44
1733079280804 0.9600673913955688 45
1733079297732 0.9590572118759155 46
1733079314721 0.9609286189079285 47
1733079331730 0.9606131315231323 48
1733079348756 0.96256023645401 49
