1733049898821 0.2019743025302887 0
1733049912156 0.2557993531227112 1
1733049925600 0.2881110906600952 2
1733049938932 0.30530858039855957 3
1733049952336 0.30534812808036804 4
1733049965712 0.30437105894088745 5
1733049979073 0.3094477355480194 6
1733049992446 0.3076678514480591 7
1733050005921 0.30150604248046875 8
1733050017431 0.2838745415210724 9
1733050030848 0.2957928776741028 10
1733050042359 0.3017406761646271 11
1733050054021 0.2968708276748657 12
1733050065504 0.2983127236366272 13
1733050079017 0.3073742091655731 14
1733050092553 0.3016475737094879 15
1733050106009 0.29890739917755127 16
1733050119315 0.3056754469871521 17
1733050132566 0.3053548336029053 18
1733050145927 0.3066723644733429 19
1733050159179 0.31530970335006714 20
1733050172543 0.30946099758148193 21
1733050184099 0.27865469455718994 22
1733050197547 0.31213581562042236 23
1733050209046 0.31989407539367676 24
1733050220553 0.31280916929244995 25
1733050234179 0.3193739056587219 26
1733050245707 0.3236936926841736 27
1733050259174 0.3168364465236664 28
1733050270673 0.3220992088317871 29
