1733049898820 268.12104308605194 0
1733049912155 59.47204530239105 1
1733049925599 47.54934823513031 2
1733049938931 43.900585412979126 3
1733049952335 42.56978702545166 4
1733049965711 41.97229540348053 5
1733049979073 40.75770151615143 6
1733049992445 40.48111939430237 7
1733050005921 38.988625288009644 8
1733050017431 43.160531401634216 9
1733050030847 36.62526822090149 10
1733050042358 36.647361755371094 11
1733050054020 36.934433698654175 12
1733050065503 36.655113697052 13
1733050079017 36.04900574684143 14
1733050092553 36.00725245475769 15
1733050106008 35.71561789512634 16
1733050119315 34.80336141586304 17
1733050132565 34.77620315551758 18
1733050145927 34.072733640670776 19
1733050159179 33.01179528236389 20
1733050172543 32.952784299850464 21
1733050184098 38.38489639759064 22
1733050197547 32.491259932518005 23
1733050209045 32.67429959774017 24
1733050220552 32.99595856666565 25
1733050234178 32.206029534339905 26
1733050245706 33.21283781528473 27
1733050259173 31.78338313102722 28
1733050270672 32.107731342315674 29
