1733081234772 47.38980674743652 0
1733081242136 27.42086547613144 1
1733081249457 21.092592388391495 2
1733081256728 17.736420422792435 3
1733081264016 15.679001808166504 4
1733081271297 14.157799497246742 5
1733081278573 12.99117374420166 6
1733081285853 12.457061037421227 7
1733081293145 11.606207393109798 8
1733081300403 11.062295861542225 9
1733081307687 10.566432438790798 10
1733081314987 10.417195044457912 11
1733081322298 9.823493145406246 12
1733081329555 9.48371896147728 13
1733081336828 9.30828270316124 14
1733081344094 9.051908187568188 15
1733081351324 8.62095995247364 16
1733081358595 8.838132910430431 17
1733081365836 8.527007266879082 18
1733081373110 8.164645671844482 19
1733081380412 8.266305163502693 20
1733081387689 7.920385755598545 21
1733081394971 7.9498128816485405 22
1733081402224 7.787694193422794 23
1733081409445 7.617482576519251 24
1733081416702 7.623441804200411 25
1733081423971 7.54620124027133 26
1733081431216 7.308781068772078 27
1733081438497 7.3446786887943745 28
1733081445770 7.270131606608629 29
1733081453021 7.092164218425751 30
1733081460306 6.975030582398176 31
1733081467524 6.985312979668379 32
1733081474792 6.966845750808716 33
1733081482088 6.840106535702944 34
1733081489362 6.836938686668873 35
1733081496628 6.594985753297806 36
1733081503893 6.706292744725943 37
1733081511169 6.507341172546148 38
1733081518453 6.354602925479412 39
1733081525791 6.436092991381884 40
1733081533065 6.197366867214441 41
1733081540377 6.145426265895367 42
1733081547664 6.315221479162574 43
1733081554922 6.1412760224193335 44
1733081562187 6.1265269964933395 45
1733081569434 6.152602896094322 46
1733081576684 5.970378786325455 47
1733081583958 5.9545886646956205 48
1733081591215 5.835030799731612 49
