1733081234772 0.49698778986930847 0
1733081242137 0.7266126871109009 1
1733081249458 0.7930614948272705 2
1733081256729 0.8248100280761719 3
1733081264017 0.8480732440948486 4
1733081271297 0.8610972762107849 5
1733081278573 0.8708476424217224 6
1733081285854 0.8766657710075378 7
1733081293146 0.8864667415618896 8
1733081300404 0.8906078338623047 9
1733081307688 0.8999439477920532 10
1733081314987 0.8965936899185181 11
1733081322299 0.9019547700881958 12
1733081329556 0.9056199789047241 13
1733081336828 0.9080449342727661 14
1733081344095 0.9110245108604431 15
1733081351325 0.9169436693191528 16
1733081358596 0.9127119779586792 17
1733081365836 0.9166362285614014 18
1733081373111 0.9166834354400635 19
1733081380412 0.9170082807540894 20
1733081387690 0.9221697449684143 21
1733081394972 0.9222807288169861 22
1733081402225 0.9229145646095276 23
1733081409446 0.924033522605896 24
1733081416703 0.9231746792793274 25
1733081423972 0.9248179793357849 26
1733081431217 0.9268707036972046 27
1733081438498 0.9293173551559448 28
1733081445771 0.9255141019821167 29
1733081453021 0.9312266111373901 30
1733081460307 0.9294099807739258 31
1733081467524 0.9304736256599426 32
1733081474793 0.9307717084884644 33
1733081482088 0.9318112134933472 34
1733081489363 0.9322905540466309 35
1733081496629 0.9363766312599182 36
1733081503894 0.9336156845092773 37
1733081511170 0.935528576374054 38
1733081518454 0.9376053214073181 39
1733081525792 0.936664879322052 40
1733081533065 0.9374338984489441 41
1733081540378 0.9404326677322388 42
1733081547664 0.9403930306434631 43
1733081554923 0.9379154443740845 44
1733081562188 0.9389821887016296 45
1733081569435 0.9400856494903564 46
1733081576685 0.9396733045578003 47
1733081583959 0.9419424533843994 48
1733081591215 0.9437384605407715 49
