1732963297727 46.41537011902588 0
1732963431221 14.883524381268508 1
1732963565631 8.539194278973959 2
1732963703084 6.646218985507223 3
1732963839732 5.242477042479255 4
1732963978335 4.517519387871553 5
1732964116209 3.341118264523482 6
1732964254341 2.8578053861424006 7
1732964387677 9.040747235833768 8
1732964517843 3.0377590806321497 9
1732964652924 1.705677589850454 10
1732964788031 1.3784366884922905 11
1732964916016 1.5488943093007645 12
1732965043379 1.3998436562958574 13
1732965169233 3.5283487358868464 14
1732965296004 2.0547781990267637 15
