1732963297729 0.7179623246192932 0
1732963431224 0.8929392695426941 1
1732963565633 0.9368996024131775 2
1732963703086 0.953811764717102 3
1732963839734 0.9636585116386414 4
1732963978339 0.9699256420135498 5
1732964116213 0.975583016872406 6
1732964254343 0.9805355668067932 7
1732964387679 0.9546550512313843 8
1732964517845 0.9786756038665771 9
1732964652927 0.9872061610221863 10
1732964788033 0.9898751378059387 11
1732964916018 0.9881561994552612 12
1732965043381 0.9902065992355347 13
1732965169235 0.9796624183654785 14
1732965296007 0.9876511096954346 15
