1733055375370 0.1679317057132721 0
1733055409477 0.127375066280365 1
1733055443470 0.14370113611221313 2
1733055477780 0.14617213606834412 3
1733055511591 0.13269144296646118 4
1733055545455 0.1181134581565857 5
1733055579825 0.11885450035333633 6
1733055614100 0.10775261372327805 7
1733055647946 0.10523107647895813 8
1733055682138 0.10611895471811295 9
1733055715991 0.19646883010864258 10
1733055749910 0.258788526058197 11
1733055783777 0.34034663438796997 12
1733055817453 0.40431833267211914 13
1733055851105 0.4894891083240509 14
1733055884452 0.6248376369476318 15
1733055917932 0.6781661510467529 16
1733055951609 0.7253850698471069 17
1733055982437 0.731946587562561 18
1733056016029 0.7853612899780273 19
1733056049813 0.798781156539917 20
1733056083465 0.8268078565597534 21
1733056117113 0.8319128155708313 22
1733056151465 0.8424537181854248 23
1733056184992 0.8469887971878052 24
1733056215825 0.846480131149292 25
1733056249503 0.8592016100883484 26
1733056283276 0.865863025188446 27
1733056317030 0.8743536472320557 28
1733056347959 0.8668057918548584 29
