1733055375369 524.4950536489487 0
1733055409476 171.8006466627121 1
1733055443469 133.96838581562042 2
1733055477780 126.315624833107 3
1733055511591 120.747931599617 4
1733055545455 113.90135848522186 5
1733055579824 111.04404437541962 6
1733055614100 108.46206057071686 7
1733055647946 106.46063256263733 8
1733055682138 104.69978487491608 9
1733055715990 97.36553692817688 10
1733055749910 77.39970541000366 11
1733055783776 65.05140626430511 12
1733055817453 61.14302349090576 13
1733055851105 56.93396031856537 14
1733055884451 44.70488452911377 15
1733055917931 41.269139498472214 16
1733055951609 34.47942262887955 17
1733055982436 37.84519223868847 18
1733056016029 26.907457798719406 19
1733056049812 26.753988526761532 20
1733056083465 23.305138058960438 21
1733056117112 22.09327332675457 22
1733056151464 20.615139089524746 23
1733056184991 19.941888581961393 24
1733056215825 20.330703124403954 25
1733056249502 18.449491996318102 26
1733056283276 17.778989765793085 27
1733056317030 17.203344002366066 28
1733056347958 18.4182107783854 29
