1731229856586 0.9846052973473112 0
1731229972321 0.2505748286024499 1
1731230086556 0.1863945364490028 2
1731230200683 0.14358752803449842 3
1731230314065 0.11265789547573153 4
1731230427660 0.0883969861591991 5
1731230541420 0.0729820352518639 6
1731230654917 0.05499152689224462 7
1731230768273 0.052225274209156146 8
1731230881189 0.03705215579800963 9
1731230994162 0.031499522092994406 10
1731231106638 0.06379923193131747 11
1731231218956 0.04827802234449737 12
1731231331411 0.062223424694514244 13
