1733068042557 35.066620439291 0
1733068144534 17.535532906651497 1
1733068246136 12.826867192983627 2
1733068347685 10.331649340689182 3
1733068449451 8.208158276975155 4
1733068551039 7.218415383249521 5
1733068652646 6.240212120115757 6
1733068754246 5.849074002355337 7
1733068855880 5.204174242913723 8
1733068957390 4.947703970596194 9
1733069059223 4.583561420440674 10
1733069161021 4.187020525336266 11
1733069262715 3.9703196827322245 12
1733069364445 3.7801746297627687 13
1733069466080 3.6482824673876166 14
1733069567882 3.567713155411184 15
1733069669556 3.5606066416949034 16
1733069771227 3.7118970565497875 17
1733069872737 3.7537491880357265 18
1733069974532 3.48872715421021 19
1733070076169 3.324541467241943 20
1733070177836 3.1161219039931893 21
1733070279512 2.9355387575924397 22
1733070381207 2.7005251171067357 23
1733070482819 2.4321868689730763 24
1733070584593 2.4092569248750806 25
1733070686322 2.183968987315893 26
1733070788023 2.0256925020366907 27
1733070889654 1.9143038038164377 28
1733070991369 1.7865147637203336 29
1733071093028 1.6851908131502569 30
1733071194814 1.6636509019881487 31
1733071296468 1.6082244268618524 32
1733071398234 1.5955081980209798 33
1733071499901 1.505227928981185 34
1733071601622 1.5763765559531748 35
1733071703282 1.4533289102837443 36
1733071805041 1.3571217972785234 37
1733071906666 1.3222331660799682 38
1733072008432 1.2275366324465722 39
1733072110084 1.2822657776996493 40
1733072211718 0.988389017758891 41
1733072313436 1.0174615355208516 42
1733072415057 0.9730599673930556 43
1733072516832 0.8849006115924567 44
1733072618481 0.9659548555500805 45
1733072720097 0.8495874722721055 46
1733072821937 0.9062307233689353 47
1733072923591 0.8810210360679775 48
1733073025238 0.8513475306099281 49
