1733068042557 0.6364580392837524 0
1733068144534 0.8348697423934937 1
1733068246137 0.8724989891052246 2
1733068347685 0.9044581651687622 3
1733068449452 0.9290983080863953 4
1733068551040 0.9348070621490479 5
1733068652647 0.9466841220855713 6
1733068754247 0.948968768119812 7
1733068855881 0.9564933180809021 8
1733068957391 0.9599578976631165 9
1733069059224 0.9616615176200867 10
1733069161022 0.9644078016281128 11
1733069262716 0.9667534828186035 12
1733069364446 0.969252347946167 13
1733069466081 0.9712067246437073 14
1733069567883 0.9709963798522949 15
1733069669557 0.969223141670227 16
1733069771228 0.9691493511199951 17
1733069872738 0.969606339931488 18
1733069974532 0.9700671434402466 19
1733070076169 0.9708347320556641 20
1733070177836 0.9724302291870117 21
1733070279512 0.974577784538269 22
1733070381208 0.9760189056396484 23
1733070482820 0.9792115688323975 24
1733070584594 0.9797186255455017 25
1733070686323 0.9821367859840393 26
1733070788024 0.982833981513977 27
1733070889654 0.9839287400245667 28
1733070991370 0.9863300323486328 29
1733071093029 0.986944854259491 30
1733071194814 0.9860708713531494 31
1733071296469 0.9881112575531006 32
1733071398235 0.9874632358551025 33
1733071499901 0.9887427091598511 34
1733071601622 0.9864181280136108 35
1733071703283 0.9896249771118164 36
1733071805042 0.9891946911811829 37
1733071906667 0.9906368851661682 38
1733072008432 0.9907498955726624 39
1733072110085 0.9909842014312744 40
1733072211719 0.9942624568939209 41
1733072313437 0.9934433698654175 42
1733072415058 0.9943920373916626 43
1733072516833 0.9941245913505554 44
1733072618482 0.9929748177528381 45
1733072720098 0.9940032958984375 46
1733072821938 0.9929143786430359 47
1733072923592 0.9944087266921997 48
1733073025238 0.9938488006591797 49
