1733083559086 0.5066018104553223 0
1733083571837 0.7532212734222412 1
1733083584605 0.8114299178123474 2
1733083597380 0.8464932441711426 3
1733083610177 0.8670563697814941 4
1733083622966 0.8862650990486145 5
1733083635736 0.8966171741485596 6
1733083648529 0.9059545397758484 7
1733083661327 0.9136881232261658 8
1733083674108 0.9190995097160339 9
1733083686878 0.9273975491523743 10
1733083699656 0.933247983455658 11
1733083712430 0.9354404807090759 12
1733083725169 0.9395648837089539 13
1733083737957 0.9434911608695984 14
1733083750727 0.9420666098594666 15
1733083763523 0.9438278675079346 16
1733083776317 0.9484186768531799 17
1733083789080 0.9526925086975098 18
1733083801847 0.9536757469177246 19
1733083814653 0.9582856893539429 20
1733083827411 0.9564239382743835 21
1733083840205 0.9574544429779053 22
1733083852987 0.9615094065666199 23
1733083865763 0.9591391086578369 24
1733083878554 0.9618465900421143 25
1733083891334 0.9632461071014404 26
1733083904130 0.9650881886482239 27
1733083916920 0.9637225270271301 28
1733083929759 0.9629736542701721 29
1733083942545 0.9689106941223145 30
1733083955335 0.9700363874435425 31
1733083968104 0.9705126285552979 32
1733083980901 0.969672441482544 33
1733083993702 0.9709340333938599 34
1733084006490 0.9715518951416016 35
1733084019309 0.9730830192565918 36
1733084032116 0.976321816444397 37
1733084044891 0.9739899039268494 38
1733084057676 0.9755725860595703 39
1733084070460 0.9762767553329468 40
1733084083243 0.9758527278900146 41
1733084096031 0.9768964648246765 42
1733084108838 0.9765530824661255 43
1733084121633 0.9756040573120117 44
1733084134408 0.9784905910491943 45
1733084147221 0.9783067107200623 46
1733084159990 0.9790818691253662 47
1733084172776 0.9809088706970215 48
1733084185562 0.9782600402832031 49
