1733083559085 73.33636182546616 0
1733083571836 43.84519225358963 1
1733083584604 33.01389408111572 2
1733083597379 26.60670806467533 3
1733083610176 22.63745166361332 4
1733083622965 19.707935094833374 5
1733083635736 17.668203726410866 6
1733083648528 16.129593163728714 7
1733083661326 15.002692721784115 8
1733083674107 13.930103801190853 9
1733083686878 12.968158982694149 10
1733083699655 12.095949690788984 11
1733083712429 11.481542501598597 12
1733083725168 10.909901939332485 13
1733083737956 10.237041160464287 14
1733083750726 9.98792875930667 15
1733083763522 9.637202851474285 16
1733083776316 9.293114826083183 17
1733083789079 8.70588443055749 18
1733083801847 8.482779817655683 19
1733083814652 8.09275751374662 20
1733083827410 7.91036126203835 21
1733083840205 7.692285491153598 22
1733083852986 7.2272896356880665 23
1733083865762 6.997816933318973 24
1733083878554 6.848764180205762 25
1733083891333 6.546048508957028 26
1733083904130 6.599796155467629 27
1733083916919 6.46031238604337 28
1733083929758 6.320507830940187 29
1733083942544 5.894293395802379 30
1733083955334 5.72710319980979 31
1733083968103 5.432019746862352 32
1733083980900 5.536255257204175 33
1733083993701 5.427106847986579 34
1733084006489 5.391036152839661 35
1733084019309 4.9394080098718405 36
1733084032115 4.895517052151263 37
1733084044891 4.785463617183268 38
1733084057676 4.687350889667869 39
1733084070460 4.619450657628477 40
1733084083242 4.530349218752235 41
1733084096030 4.3689432186074555 42
1733084108837 4.404610112775117 43
1733084121632 4.313732733018696 44
1733084134407 4.1014100224711 45
1733084147221 4.086260435171425 46
1733084159990 4.059319233521819 47
1733084172775 3.7584924804978073 48
1733084185562 3.8627862739376724 49
