1733084372634 0.6907626390457153 0
1733084555745 0.8303807973861694 1
1733084738802 0.8957322835922241 2
1733084921956 0.9055601358413696 3
1733085105110 0.9147893190383911 4
1733085288618 0.9233375787734985 5
1733085471738 0.9424155950546265 6
1733085654917 0.9473431706428528 7
1733085838063 0.9671480655670166 8
1733086021177 0.9743761420249939 9
1733086204359 0.9777007102966309 10
1733086387500 0.9787774085998535 11
1733086570562 0.980972945690155 12
1733086754147 0.9768412709236145 13
1733086937457 0.9785749912261963 14
1733087121102 0.9715805649757385 15
1733087304589 0.9860671162605286 16
1733087487775 0.9781961441040039 17
1733087671057 0.9855040311813354 18
1733087854452 0.9840452671051025 19
1733088038012 0.9817800521850586 20
1733088221815 0.9837208986282349 21
1733088405789 0.9798232316970825 22
