1733084372633 28.86891010403633 0
1733084555744 15.566461987793446 1
1733084738801 9.323739539831877 2
1733084921955 8.501175850629807 3
1733085105109 7.986412558704615 4
1733085288617 8.629549415782094 5
1733085471737 6.111260073259473 6
1733085654916 5.531387155875564 7
1733085838062 3.600633996538818 8
1733086021176 2.9948651986196637 9
1733086204358 2.6195762790739536 10
1733086387499 2.549860357772559 11
1733086570562 2.2647529654204845 12
1733086754146 2.4657392180524766 13
1733086937456 2.5305551886558533 14
1733087121101 3.0971973920241 15
1733087304588 1.911857581930235 16
1733087487774 2.5364346597343683 17
1733087671057 1.7800478846766055 18
1733087854452 1.9196733520366251 19
1733088038011 2.0332643629517406 20
1733088221815 2.004171106033027 21
1733088405788 2.1698327967897058 22
