1733099320413 0.7351937294006348 0
1733099502932 0.8472535610198975 1
1733099685364 0.9109717607498169 2
1733099868121 0.9246848225593567 3
1733100050835 0.9311270713806152 4
1733100233502 0.9506055116653442 5
1733100416180 0.9519009590148926 6
1733100598896 0.9400650262832642 7
1733100781143 0.9566068053245544 8
1733100963385 0.9436526298522949 9
1733101145732 0.9488410949707031 10
1733101327919 0.9659627079963684 11
1733101510021 0.9736067652702332 12
1733101692197 0.9799441695213318 13
1733101874348 0.9785801768302917 14
1733102056649 0.9757591485977173 15
1733102238935 0.9764065146446228 16
1733102421337 0.9839105606079102 17
1733102603633 0.9813224673271179 18
1733102786229 0.9777981042861938 19
1733102968694 0.9837867617607117 20
1733103151395 0.9769490957260132 21
1733103333616 0.9849796295166016 22
1733103515780 0.9821969270706177 23
1733103697828 0.9817972183227539 24
1733103879678 0.9803799390792847 25
1733104061724 0.9793846607208252 26
