1733099320412 24.648254841566086 0
1733099502931 14.15460342168808 1
1733099685364 8.203395921736956 2
1733099868120 6.8248745035380125 3
1733100050834 5.996851870790124 4
1733100233501 4.954063003882766 5
1733100416180 4.852389082312584 6
1733100598895 6.359846485778689 7
1733100781142 4.820633737370372 8
1733100963384 6.517323610838503 9
1733101145731 5.632770711556077 10
1733101327918 3.8371638050302863 11
1733101510020 3.243718756828457 12
1733101692196 2.4239191259257495 13
1733101874347 2.702986661111936 14
1733102056649 2.9446394690312445 15
1733102238935 2.959132320713252 16
1733102421337 2.2167412585113198 17
1733102603633 2.122314712498337 18
1733102786229 2.6962383007630706 19
1733102968694 2.0731848077848554 20
1733103151394 2.7400115649215877 21
1733103333616 1.856200820300728 22
1733103515779 1.878783285152167 23
1733103697827 1.9423538553528488 24
1733103879677 2.104667350417003 25
1733104061724 2.425742177758366 26
