1733057773137 0.6889700293540955 0
1733057905001 0.856716513633728 1
1733058031810 0.8574709892272949 2
1733058161851 0.8846682906150818 3
1733058294061 0.9026650786399841 4
1733058419842 0.6233915686607361 5
1733058545678 0.88291996717453 6
1733058676427 0.9163067936897278 7
1733058807408 0.9170898199081421 8
1733058938057 0.9428116679191589 9
1733059064539 0.9277249574661255 10
1733059195525 0.9465720653533936 11
1733059326190 0.9648155570030212 12
1733059457092 0.9729343056678772 13
1733059588069 0.979385495185852 14
1733059714611 0.9773241281509399 15
1733059845475 0.9801498651504517 16
1733059972901 0.9773467183113098 17
1733060100047 0.9802752137184143 18
1733060232065 0.9794625043869019 19
1733060364040 0.9831647276878357 20
1733060497226 0.9831761121749878 21
1733060624552 0.9814815521240234 22
1733060756294 0.9856654405593872 23
1733060884810 0.9827529788017273 24
1733061011868 0.980602502822876 25
1733061139628 0.9832367300987244 26
1733061271761 0.9868088960647583 27
1733061405042 0.9880249500274658 28
1733061535148 0.9845073819160461 29
