1733057773136 45.24137020856142 0
1733057905000 19.714132599532604 1
1733058031810 20.339762756600976 2
1733058161850 16.206333757843822 3
1733058294060 14.269673492060974 4
1733058419841 64.2767354361713 5
1733058545677 16.89870049059391 6
1733058676426 11.477280124090612 7
1733058807408 11.119698214810342 8
1733058938056 8.631456943694502 9
1733059064538 11.0267573883757 10
1733059195525 7.693756093271077 11
1733059326189 5.772246163338423 12
1733059457091 4.555366124259308 13
1733059588069 3.719728816533461 14
1733059714610 4.006548033095896 15
1733059845474 3.480936957988888 16
1733059972900 3.8395726098679006 17
1733060100046 3.5208864628802985 18
1733060232064 3.3513890493195504 19
1733060364039 2.9759695564280264 20
1733060497225 2.860764974495396 21
1733060624551 3.0946651051053777 22
1733060756293 2.513077865005471 23
1733060884809 2.752751224077656 24
1733061011868 3.488837631448405 25
1733061139627 2.7597726341336966 26
1733061271761 2.194876658380963 27
1733061405041 2.137044800329022 28
1733061535148 2.61693952686619 29
