1731849896245 0.0001 0
1731850159845 0.0001 1
1731850422741 0.0001 2
1731850683422 0.0001 3
1731850947223 0.0001 4
1731851210169 0.0001 5
1731851473038 0.0001 6
1731851743447 0.0001 7
1731852013456 0.0001 8
1731852274820 0.0001 9
1731852540600 0.0001 10
1731852806262 0.0001 11
1731853067783 0.0001 12
1731853330458 0.0001 13
1731853595765 0.0001 14
1731853862868 0.0001 15
1731854133561 0.0001 16
1731854403733 0.0001 17
1731854669415 0.0001 18
1731854935675 0.0001 19
1731855202765 0.0001 20
1731855469489 0.0001 21
