1731849896242 0.6122013926506042 0
1731850159843 0.7388218641281128 1
1731850422739 0.7797539234161377 2
1731850683420 0.8038235306739807 3
1731850947220 0.8236927390098572 4
1731851210167 0.8362733721733093 5
1731851473035 0.847054660320282 6
1731851743444 0.8565287590026855 7
1731852013452 0.86664879322052 8
1731852274816 0.8735993504524231 9
1731852540597 0.8797520399093628 10
1731852806259 0.8879776000976562 11
1731853067780 0.8942519426345825 12
1731853330455 0.8988714814186096 13
1731853595762 0.9055051207542419 14
1731853862864 0.9102835655212402 15
1731854133556 0.9128535985946655 16
1731854403730 0.9187177419662476 17
1731854669412 0.9248567819595337 18
1731854935671 0.9241787195205688 19
1731855202763 0.9292469024658203 20
1731855469486 0.9305059909820557 21
