1731849896240 1.0216896141802614 0
1731850159841 0.6656464598117461 1
1731850422737 0.5514494944206337 2
1731850683418 0.4906443922980998 3
1731850947219 0.4424319476043551 4
1731851210165 0.4141578039069363 5
1731851473033 0.38579041507617984 6
1731851743443 0.36123140293762523 7
1731852013450 0.3396173094704027 8
1731852274814 0.321180547170867 9
1731852540596 0.30429560791022797 10
1731852806258 0.28794715010898086 11
1731853067779 0.2767072376283778 12
1731853330453 0.26179511090997803 13
1731853595760 0.2491332024959018 14
1731853862862 0.2376883386421934 15
1731854133555 0.23203160043897972 16
1731854403728 0.22002107413221053 17
1731854669411 0.21022080407956176 18
1731854935621 0.20605835375513068 19
1731855202761 0.1961045989967786 20
1731855469483 0.18944538980074072 21
