1731231880991 0.25424570916885775 0
1731232017449 0.07925714517988702 1
1731232196373 0.052968797370986254 2
1731232362034 0.043275075433554036 3
1731232539218 0.040081158641627625 4
1731232677986 0.035668117065209545 5
1731232800432 0.04582195098088378 6
1731232975222 0.031228715016896665 7
1731233142005 0.0320375540666936 8
1731233318617 0.01850382021433573 9
1731233471217 0.011691138356012062 10
1731233565245 0.02105235028424867 11
1731233659069 0.0186213614980059 12
1731233752800 0.014175014570394955 13
