1732968527599 0.0011 0
1732968615224 0.0011 1
1732968702698 0.0011 2
1732968790941 0.0011 3
1732968881217 0.0011 4
1732968966497 0.0011 5
1732969050576 0.0011 6
1732969139341 0.0011 7
1732969231170 0.0011 8
1732969324179 0.0011 9
1732969409792 0.0011 10
1732969500682 0.0011 11
1732969590207 0.0011 12
1732969679526 0.0011 13
1732969764319 0.0011 14
1732969853468 0.0011 15
1732969938135 0.0011 16
1732970026953 0.0011 17
1732970111039 0.0011 18
1732970194239 0.0011 19
1732970281608 0.0011 20
1732970364763 0.0011 21
1732970447991 0.0011 22
1732970535734 0.0011 23
1732970620620 0.0011 24
1732970705095 0.0011 25
1732970793869 0.0011 26
1732970879064 0.0011 27
1732970963245 0.0011 28
1732971047484 0.0011 29
1732971131697 0.0011 30
