1732968527593 0.17805351378462678 0
1732968615220 0.15048198185728065 1
1732968702694 0.12481342843966559 2
1732968790936 0.04915422645197915 3
1732968881211 0.04624238448117727 4
1732968966493 0.062163094002504034 5
1732969050569 0.0706858356799265 6
1732969139336 0.045614371849556586 7
1732969231166 0.03822527500493119 8
1732969324174 0.0341452787335064 9
1732969409788 0.06344316228725282 10
1732969500677 0.01613083956596841 11
1732969590201 0.015062248970415177 12
1732969679522 0.006722358713367222 13
1732969764315 0.008088660161904824 14
1732969853463 0.005070448618166016 15
1732969938130 0.008176821378063843 16
1732970026948 0.0044220821070796645 17
1732970111034 0.005406322870840086 18
1732970194185 0.005855175400938606 19
1732970281604 0.004193058922153016 20
1732970364758 0.011284788403177768 21
1732970447986 0.008585994813724287 22
1732970535727 0.0037513595733409083 23
1732970620614 0.004974585987968437 24
1732970705090 0.004803293649014709 25
1732970793865 0.003714873990767436 26
1732970879059 0.007722987221443743 27
1732970963241 0.010323013880354535 28
1732971047478 0.01175459422432011 29
1732971131692 0.02644950222332097 30
