1732968527596 0.9510929584503174 0
1732968615222 0.9593596458435059 1
1732968702696 0.959865152835846 2
1732968790939 0.9821121692657471 3
1732968881214 0.9851067066192627 4
1732968966495 0.9812103509902954 5
1732969050573 0.9794356226921082 6
1732969139338 0.9848177433013916 7
1732969231168 0.9865992069244385 8
1732969324176 0.9872788190841675 9
1732969409790 0.9815112948417664 10
1732969500679 0.9946955442428589 11
1732969590203 0.9945151805877686 12
1732969679524 0.9979363679885864 13
1732969764317 0.9971997141838074 14
1732969853465 0.998458743095398 15
1732969938133 0.9969428181648254 16
1732970026950 0.9984501600265503 17
1732970111037 0.9981932640075684 18
1732970194235 0.9978121519088745 19
1732970281606 0.9986900091171265 20
1732970364760 0.9961637258529663 21
1732970447989 0.9971657395362854 22
1732970535730 0.9992378354072571 23
1732970620617 0.9985657930374146 24
1732970705093 0.998724102973938 25
1732970793867 0.9988227486610413 26
1732970879061 0.9970585107803345 27
1732970963243 0.9964035749435425 28
1732971047481 0.9965192079544067 29
1732971131694 0.9911331534385681 30
