1732453026036 9.997557473810373e-05 0
1732453168084 9.990232305719946e-05 1
1732453311640 9.978031724785248e-05 2
1732453453358 9.960967771506668e-05 3
1732453596020 9.939057285945934e-05 4
1732453736200 9.912321891107012e-05 5
1732453873548 9.880787971596802e-05 6
1732454005465 9.844486647586726e-05 7
1732454133437 9.80345374410087e-05 8
1732454264537 9.757729755661012e-05 9
1732454396717 9.707359806323419e-05 10
1732454533976 9.652393605146847e-05 11
1732454661552 9.592885397135708e-05 12
1732454787482 9.5288939097068e-05 13
1732454913493 9.460482294732424e-05 14
1732455043481 9.387718066217127e-05 15
1732455173556 9.310673033669524e-05 16
1732455303216 9.229423231234978e-05 17
1732455428911 9.144048842659084e-05 18
1732455554822 9.054634122155993e-05 19
1732455680642 8.96126731125967e-05 20
1732455805869 8.864040551740159e-05 21
