1732453026029 46.41537011902588 0
1732453168080 14.876420900364666 1
1732453311635 8.535021433132352 2
1732453453353 6.638731955836807 3
1732453596015 5.224740409330298 4
1732453736195 4.463751180191982 5
1732453873544 3.2733924520625806 6
1732454005461 2.788629164791748 7
1732454133432 8.773155603062927 8
1732454264531 2.2795183265806256 9
1732454396713 1.928453617531655 10
1732454533971 1.3302550571377214 11
1732454661548 1.5041095882063251 12
1732454787477 6.707810181907346 13
1732454913489 2.370233703660246 14
1732455043477 1.2952472402797701 15
1732455173552 1.1480840917989406 16
1732455303212 0.9697833074835075 17
1732455428907 1.6120295545280332 18
1732455554769 1.5116600941043583 19
1732455680589 2.0414797407816696 20
1732455805864 1.6687923214670541 21
