1732453026032 0.7179623246192932 0
1732453168083 0.8929392695426941 1
1732453311638 0.9370208978652954 2
1732453453355 0.953642725944519 3
1732453596016 0.9639094471931458 4
1732453736198 0.9708112478256226 5
1732453873546 0.9762567281723022 6
1732454005463 0.9808819890022278 7
1732454133435 0.955680251121521 8
1732454264534 0.9840635061264038 9
1732454396715 0.9857131838798523 10
1732454533974 0.9902603626251221 11
1732454661551 0.9881196022033691 12
1732454787480 0.9771471619606018 13
1732454913491 0.9856628179550171 14
1732455043479 0.9901859760284424 15
1732455173554 0.9915400147438049 16
1732455303214 0.9935887455940247 17
1732455428909 0.9889603853225708 18
1732455554772 0.9903104305267334 19
1732455680640 0.9875762462615967 20
1732455805866 0.9895909428596497 21
