1733073064267 91.28015637397766 0
1733073086844 70.59080958366394 1
1733073109429 58.25452369451523 2
1733073132010 49.80539172887802 3
1733073154602 43.05415487289429 4
1733073177146 37.83918780088425 5
1733073199762 34.16989168524742 6
1733073222327 30.51832416653633 7
1733073244937 28.019692599773407 8
1733073267560 26.075159460306168 9
1733073290173 24.056558847427368 10
1733073312854 22.864062383770943 11
1733073335601 21.41689819097519 12
1733073358379 20.337937012314796 13
1733073381170 19.5307996571064 14
1733073404025 18.682721853256226 15
1733073426859 17.954858660697937 16
1733073449727 17.392604872584343 17
1733073472627 16.761761285364628 18
1733073495538 16.091664537787437 19
1733073518477 15.723637662827969 20
1733073541496 15.184893071651459 21
1733073564470 14.844431445002556 22
1733073587523 14.400327935814857 23
1733073610571 13.905025839805603 24
1733073633674 13.688780337572098 25
1733073656782 13.297176651656628 26
1733073679896 13.06577281653881 27
1733073702983 12.726878955960274 28
1733073726019 12.58366721868515 29
1733073749104 12.169816143810749 30
1733073772194 11.989388935267925 31
1733073795243 11.818145357072353 32
1733073818327 11.564549744129181 33
1733073841473 11.22897420823574 34
1733073864609 10.970918897539377 35
1733073887759 10.83068661391735 36
1733073910930 10.819269336760044 37
1733073934055 10.327888879925013 38
1733073957182 10.155199892818928 39
1733073980283 10.186956193298101 40
1733074003394 10.053868990391493 41
1733074026476 9.921015411615372 42
1733074049587 9.75425162538886 43
1733074072639 9.38622970879078 44
1733074095663 9.420062839984894 45
1733074118746 9.136926848441362 46
1733074141799 9.155158948153257 47
1733074164915 8.916406370699406 48
1733074188053 8.702530272305012 49
