1733073064268 0.3190934360027313 0
1733073086845 0.5144052505493164 1
1733073109430 0.6361181139945984 2
1733073132011 0.7004449367523193 3
1733073154603 0.768420934677124 4
1733073177146 0.7963783740997314 5
1733073199763 0.8193310499191284 6
1733073222328 0.8368335962295532 7
1733073244937 0.8555727005004883 8
1733073267561 0.8605063557624817 9
1733073290173 0.8710646629333496 10
1733073312855 0.8724913001060486 11
1733073335602 0.8798491358757019 12
1733073358380 0.8863169550895691 13
1733073381171 0.8870347738265991 14
1733073404026 0.8913094401359558 15
1733073426860 0.896226167678833 16
1733073449728 0.900588870048523 17
1733073472628 0.9037613272666931 18
1733073495538 0.9036595225334167 19
1733073518478 0.9094247817993164 20
1733073541496 0.9116842150688171 21
1733073564471 0.9140915870666504 22
1733073587524 0.9152257442474365 23
1733073610572 0.920102596282959 24
1733073633674 0.9139879941940308 25
1733073656783 0.9192305207252502 26
1733073679897 0.9207449555397034 27
1733073702984 0.9234232902526855 28
1733073726020 0.9241178035736084 29
1733073749105 0.9278333187103271 30
1733073772195 0.9279960989952087 31
1733073795244 0.9291161298751831 32
1733073818328 0.9296860694885254 33
1733073841474 0.9302113056182861 34
1733073864610 0.9355145692825317 35
1733073887759 0.9350073337554932 36
1733073910931 0.9349901676177979 37
1733073934056 0.9411233067512512 38
1733073957182 0.9406086206436157 39
1733073980283 0.940223217010498 40
1733074003395 0.9421103000640869 41
1733074026476 0.938428521156311 42
1733074049587 0.9433611631393433 43
1733074072640 0.9445886611938477 44
1733074095664 0.9451061487197876 45
1733074118746 0.9473004937171936 46
1733074141800 0.947253942489624 47
1733074164916 0.9459413886070251 48
1733074188054 0.9516727924346924 49
