1731681872572 9.993126800309907e-05 0
1731682062243 9.99931889971668e-05 1
1731682222679 9.999671068061648e-05 2
1731682399046 9.999748161874625e-05 3
1731682572571 9.999823894265506e-05 4
1731682754541 9.999843899949515e-05 5
1731682950415 9.999816987659779e-05 6
1731683106591 9.999908025753596e-05 7
1731683259040 9.999966933356025e-05 8
1731683428843 9.999962029956215e-05 9
1731683606723 9.999969492131678e-05 10
1731683765565 9.999971624961977e-05 11
1731683951923 9.999977674999461e-05 12
1731684113900 9.999973181811682e-05 13
1731684274782 9.999946084264832e-05 14
