1731681872566 0.9018203616142273 0
1731682062233 0.9715738892555237 1
1731682222671 0.9814829230308533 2
1731682399039 0.9835020303726196 3
1731682572567 0.986572265625 4
1731682754536 0.9882959127426147 5
1731682950409 0.9866257309913635 6
1731683106587 0.9897292256355286 7
1731683259034 0.9948105812072754 8
1731683428836 0.9931106567382812 9
1731683606718 0.9943650960922241 10
1731683765559 0.9943754076957703 11
1731683951917 0.9949923753738403 12
1731684113895 0.9936378002166748 13
1731684274779 0.9930844902992249 14
