1731681872563 0.251642233297723 0
1731682062227 0.07920713324403092 1
1731682222667 0.055043901857162895 2
1731682399035 0.048163314327438436 3
1731682572563 0.04027558166994297 4
1731682754533 0.03791896264773096 5
1731682950406 0.0410577655110323 6
1731683106584 0.0291063385304315 7
1731683259030 0.0174521559931891 8
1731683428833 0.018701421184773023 9
1731683606715 0.016763316291678022 10
1731683765555 0.01616673122996688 11
1731683951913 0.014340017687068583 12
1731684113891 0.015716965463429492 13
1731684274776 0.022284964399514582 14
