1733054771432 44.23922073841095 0
1733054785662 23.42473030090332 1
1733054799894 18.70214930176735 2
1733054814034 15.99118223786354 3
1733054828177 14.167345643043518 4
1733054842204 12.810237750411034 5
1733054856461 11.938513487577438 6
1733054870504 11.28642313927412 7
1733054884681 10.612227410078049 8
1733054898894 10.389761194586754 9
1733054913079 9.842926271259785 10
1733054927261 9.69187743961811 11
1733054941422 9.310252659022808 12
1733054955655 9.006779097020626 13
1733054969806 8.645540215075016 14
1733054983969 8.562509447336197 15
1733054998290 8.26415690034628 16
1733055012562 8.067420542240143 17
1733055026616 7.997889831662178 18
1733055040806 7.861590974032879 19
1733055054849 7.591012790799141 20
1733055069122 7.397557958960533 21
1733055083329 7.29103160649538 22
1733055097518 7.197577591985464 23
1733055111601 6.967117317020893 24
1733055125814 6.85823156312108 25
1733055140046 6.824265588074923 26
1733055154231 6.673671338707209 27
1733055166441 6.687837321311235 28
1733055180678 6.391155514866114 29
