1733054771432 0.5308757424354553 0
1733054785663 0.7773641347885132 1
1733054799894 0.8249465227127075 2
1733054814034 0.8505125045776367 3
1733054828177 0.8666962385177612 4
1733054842205 0.8827064037322998 5
1733054856462 0.8913151621818542 6
1733054870505 0.8949239253997803 7
1733054884682 0.9044174551963806 8
1733054898894 0.9008684158325195 9
1733054913079 0.9075392484664917 10
1733054927262 0.9102907180786133 11
1733054941422 0.9133472442626953 12
1733054955655 0.9189848303794861 13
1733054969807 0.9217809438705444 14
1733054983970 0.9191339015960693 15
1733054998291 0.9247555732727051 16
1733055012563 0.9244838356971741 17
1733055026616 0.9260826110839844 18
1733055040806 0.9267784357070923 19
1733055054850 0.9315186142921448 20
1733055069123 0.9354016780853271 21
1733055083330 0.9339410066604614 22
1733055097518 0.9330323338508606 23
1733055111602 0.935435950756073 24
1733055125814 0.9415903091430664 25
1733055140047 0.9408022165298462 26
1733055154231 0.9415276646614075 27
1733055166442 0.9400597810745239 28
1733055180679 0.9430171847343445 29
